unity_time;FPS
0.000;182.11
0.100;181.98
0.200;179.81
0.300;177.10
0.400;174.16
0.500;177.69
0.600;172.87
0.700;169.78
0.800;179.44
0.900;177.97
1.000;177.11
1.100;150.30
1.200;125.90
1.300;126.15
1.400;147.80
1.500;134.94
1.600;152.28
1.700;149.68
1.800;146.25
1.900;141.42
2.000;157.29
2.100;164.11
2.200;174.30
2.300;176.95
2.400;163.29
2.500;163.40
2.600;171.57
2.700;166.57
2.800;170.56
2.900;165.26
3.000;161.11
3.100;171.02
3.200;175.14
3.300;166.17
3.400;165.48
3.500;181.62
3.600;187.78
3.700;190.02
3.800;192.88
3.900;189.19
4.000;191.50
4.100;186.84
4.200;189.93
4.300;179.88
4.400;187.61
4.500;187.47
4.600;188.04
4.700;185.34
4.800;181.40
4.900;172.92
5.000;176.04
5.100;180.06
5.200;183.90
5.300;171.45
5.400;174.70
5.500;182.05
5.600;181.90
5.700;179.51
5.800;186.12
5.900;178.49
6.000;169.79
6.100;159.78
6.200;165.19
6.300;172.65
6.400;166.29
6.500;173.52
6.600;183.08
6.700;185.60
6.800;190.51
6.900;174.88
7.000;185.04
7.100;195.47
7.200;192.99
7.300;177.88
7.400;187.14
7.500;197.27
7.600;199.27
7.700;202.62
7.800;203.78
7.900;199.31
8.000;203.07
8.100;201.28
8.200;190.46
8.300;197.80
8.400;199.82
8.500;202.92
8.600;199.02
8.700;204.33
8.800;188.35
8.900;194.44
9.000;201.26
9.100;201.52
9.200;190.73
9.300;190.38
9.400;178.39
9.500;198.35
9.600;200.68
9.700;206.30
9.800;203.97
9.900;194.84
10.000;203.00
10.100;203.35
10.200;189.56
10.300;196.82
10.400;204.34
10.500;207.64
10.600;193.70
10.700;194.33
10.800;191.38
10.900;185.59
11.000;189.27
11.100;207.36
11.200;220.57
11.300;218.06
11.400;206.52
11.500;209.59
11.600;200.00
11.700;214.72
11.800;212.46
11.900;205.02
12.000;200.24
12.100;193.89
12.200;192.38
12.300;201.00
12.400;188.88
12.500;197.86
12.600;199.84
12.700;202.29
12.800;197.02
12.900;195.06
13.000;198.13
13.100;199.17
13.200;196.41
13.300;206.54
13.400;192.50
13.500;175.61
13.600;198.59
13.700;203.99
13.800;214.39
13.900;211.55
14.000;214.27
14.100;215.67
14.200;208.80
14.300;217.68
14.400;196.32
14.500;202.97
14.600;201.95
14.700;211.28
14.800;200.75
14.900;204.40
15.000;213.55
15.100;202.77
15.200;192.28
15.300;176.01
15.400;191.80
15.500;194.90
15.600;193.19
15.700;210.18
15.800;214.95
15.900;211.79
16.000;217.82
16.100;216.90
16.200;202.27
16.300;215.10
16.400;201.37
16.500;215.12
16.600;211.21
16.700;211.23
16.800;216.08
16.900;211.23
17.000;210.09
17.100;199.92
17.200;208.57
17.300;188.35
17.400;189.13
17.500;199.95
17.600;196.35
17.700;212.42
17.800;217.50
17.900;203.97
18.000;213.77
18.100;219.66
18.200;202.70
18.300;206.40
18.400;215.99
18.500;204.34
18.600;204.09
18.700;209.63
18.800;218.74
18.900;208.04
19.000;213.54
19.100;211.86
19.200;213.73
19.300;212.86
19.400;209.24
19.500;217.59
19.600;215.21
19.700;203.39
19.800;202.11
19.900;186.71
20.000;195.32
20.100;192.02
20.200;201.91
20.300;213.34
20.400;212.78
20.500;217.61
20.600;209.54
20.700;213.26
20.800;218.15
20.900;199.39
21.000;199.22
21.100;215.00
21.200;214.41
21.300;209.19
21.400;210.86
21.500;215.96
21.600;208.12
21.700;208.09
21.800;191.02
21.900;208.26
22.000;208.63
22.100;214.86
22.200;215.24
22.300;212.23
22.400;204.64
22.500;198.36
22.600;204.77
22.700;198.71
22.800;198.59
22.900;188.76
23.000;180.65
23.100;178.53
23.200;171.17
23.300;167.15
23.400;172.12
23.500;174.32
23.600;177.34
23.700;183.75
23.800;194.79
23.900;190.02
24.000;192.65
24.100;192.68
24.200;178.72
24.300;172.86
24.400;167.08
24.500;171.86
24.600;159.68
24.700;159.35
24.800;179.58
24.900;186.56
25.000;184.03
25.100;183.58
25.200;195.04
25.300;207.91
25.400;200.90
25.500;196.57
25.600;210.45
25.700;205.79
25.800;207.46
25.900;193.68
26.000;192.46
26.100;183.67
26.200;168.67
26.300;183.60
26.400;178.05
26.500;193.43
26.600;188.63
26.700;181.65
26.800;165.40
26.900;175.80
27.000;164.16
27.100;176.01
27.200;177.29
27.300;180.85
27.400;187.39
27.500;177.39
27.600;167.36
27.700;164.81
27.800;159.38
27.900;173.07
28.000;174.69
28.100;176.55
28.200;166.92
28.300;160.29
28.400;183.30
28.500;181.99
28.600;184.17
28.700;182.78
28.800;191.75
28.900;191.50
29.000;185.98
29.100;196.60
29.200;180.53
29.300;165.27
29.400;151.58
29.500;171.14
29.600;170.69
29.700;170.73
29.800;172.95
29.900;163.54
30.000;130.22
30.100;124.68
30.200;168.47
30.300;185.74
30.400;175.64
30.500;188.15
30.600;188.00
30.700;171.54
30.800;193.82
30.900;191.17
31.000;182.01
31.100;190.36
31.200;194.70
31.300;194.36
31.400;181.22
31.500;179.66
31.600;183.15
31.700;192.01
31.800;185.75
31.900;192.77
32.000;200.48
32.100;195.77
32.200;197.17
32.300;195.59
32.400;198.06
32.500;202.85
32.600;207.30
32.700;206.22
32.800;209.88
32.900;201.39
33.000;200.09
33.100;197.66
33.200;201.31
33.300;204.05
33.400;196.82
33.500;204.50
33.600;190.16
33.700;203.88
33.800;203.48
33.900;200.21
34.000;209.34
34.100;206.53
34.200;211.01
34.300;207.33
34.400;208.08
34.500;194.05
34.600;202.05
34.700;206.75
34.800;208.35
34.900;207.52
35.000;198.75
35.100;195.70
35.200;175.21
35.300;159.29
35.400;143.81
35.500;144.48
35.600;153.57
35.700;185.17
35.800;195.28
35.900;185.35
36.000;163.15
36.100;155.55
36.200;158.68
36.300;162.18
36.400;166.92
36.500;177.94
36.600;190.24
36.700;195.53
36.800;199.74
36.900;196.00
37.000;187.20
37.100;195.18
37.200;174.01
37.300;167.34
37.400;166.93
37.500;188.15
37.600;187.17
37.700;189.74
37.800;190.31
37.900;194.96
38.000;190.53
38.100;200.71
38.200;188.55
38.300;201.75
38.400;191.29
38.500;194.65
38.600;197.64
38.700;196.85
38.800;200.88
38.900;196.50
39.000;195.16
39.100;193.89
39.200;190.00
39.300;195.12
39.400;175.41
39.500;190.68
39.600;196.41
39.700;194.58
39.800;193.18
39.900;194.62
40.000;196.45
40.100;189.50
40.200;194.07
40.300;199.14
40.400;187.69
40.500;180.06
40.600;171.71
40.700;173.70
40.800;167.15
40.900;175.58
41.000;167.80
41.100;184.72
41.200;189.04
41.300;193.59
41.400;190.94
41.500;181.25
41.600;193.82
41.700;195.05
41.800;198.27
41.900;192.22
42.000;192.16
42.100;198.30
42.200;198.52
42.300;200.27
42.400;195.83
42.500;203.62
42.600;201.65
42.700;199.07
42.800;210.86
42.900;203.48
43.000;203.53
43.100;197.21
43.200;193.00
43.300;210.21
43.400;200.44
43.500;204.06
43.600;198.62
43.700;204.87
43.800;201.37
43.900;196.37
44.000;202.40
44.100;194.68
44.200;191.83
44.300;188.28
44.400;188.08
44.500;192.95
44.600;192.55
44.700;191.48
44.800;198.02
44.900;194.82
45.000;181.32
45.100;182.87
45.200;175.30
45.300;162.26
45.400;168.58
45.500;164.44
45.600;161.13
45.700;182.96
45.800;191.72
45.900;185.33
46.000;186.63
46.100;191.56
46.200;186.13
46.300;192.39
46.400;191.07
46.500;189.46
46.600;189.67
46.700;190.30
46.800;183.34
46.900;163.89
47.000;170.75
47.100;188.24
47.200;184.78
47.300;185.68
47.400;180.69
47.500;191.19
47.600;192.01
47.700;194.40
47.800;195.14
47.900;189.58
48.000;184.54
48.100;177.46
48.200;182.41
48.300;183.28
48.400;182.75
48.500;194.39
48.600;166.78
48.700;155.30
48.800;162.03
48.900;165.89
49.000;184.67
49.100;193.84
49.200;192.97
49.300;193.35
49.400;175.38
49.500;176.06
49.600;185.26
49.700;183.93
49.800;177.87
49.900;169.86
50.000;169.22
50.100;179.15
50.200;176.91
50.300;192.51
50.400;193.80
50.500;196.20
50.600;193.93
50.700;179.27
50.800;169.22
50.900;168.96
51.000;180.66
51.100;182.78
51.200;196.85
51.300;199.17
51.400;196.23
51.500;208.80
51.600;207.25
51.700;204.30
51.800;207.34
51.900;204.08
52.000;193.67
52.100;202.24
52.200;197.32
52.300;196.55
52.400;191.95
52.500;202.28
52.600;203.76
52.700;194.49
52.800;201.00
52.900;189.71
53.000;170.49
53.100;184.47
53.200;180.18
53.300;200.68
53.400;205.54
53.500;207.85
53.600;204.24
53.700;209.48
53.800;204.48
53.900;197.39
54.000;185.45
54.100;200.71
54.200;207.89
54.300;195.38
54.400;183.99
54.500;177.78
54.600;182.80
54.700;172.22
54.800;177.78
54.900;184.29
55.000;185.38
55.100;201.23
55.200;202.70
55.300;183.85
55.400;187.28
55.500;166.99
55.600;180.96
55.700;187.41
55.800;173.69
55.900;157.72
56.000;191.92
56.100;194.91
56.200;196.25
56.300;202.99
56.400;193.65
56.500;184.44
56.600;174.57
56.700;175.56
56.800;179.94
56.900;183.83
57.000;167.63
57.100;187.16
57.200;185.97
57.300;186.26
57.400;186.97
57.500;180.81
57.600;177.76
57.700;191.92
57.800;197.63
57.900;193.15
58.000;200.03
58.100;197.10
58.200;197.58
58.300;191.65
58.400;182.13
58.500;193.62
58.600;190.80
58.700;188.73
58.800;178.72
58.900;172.76
59.000;131.68
59.100;122.41
59.200;160.76
59.300;151.68
59.400;157.20
59.500;153.48
59.600;157.84
59.700;193.74
59.800;197.48
59.900;194.71
60.000;191.80
60.100;182.48
60.200;175.62
60.300;175.16
60.400;174.69
60.500;180.64
60.600;169.74
60.700;174.58
60.800;165.05
60.900;156.68
61.000;162.15
61.100;167.63
61.200;166.70
61.300;155.05
61.400;140.36
61.500;142.13
61.600;128.93
61.700;133.80
61.800;134.50
61.900;150.51
62.000;157.15
62.100;165.33
62.200;169.05
62.300;163.54
62.400;156.09
62.500;162.60
62.600;158.98
62.700;163.26
62.800;177.43
62.900;176.25
63.000;175.83
63.100;187.28
63.200;171.52
63.300;168.32
63.400;162.85
63.500;169.52
63.600;170.25
63.700;166.49
63.800;165.91
63.900;162.04
64.000;137.60
64.100;146.79
64.200;148.49
64.300;152.62
64.400;153.91
64.500;163.96
64.600;166.17
64.700;171.98
64.800;173.81
64.900;166.53
65.000;138.00
65.100;129.36
65.200;120.79
65.300;137.59
65.400;124.94
65.500;144.39
65.600;155.10
65.700;159.72
65.800;159.87
65.900;155.76
66.000;152.56
66.100;142.98
66.200;153.32
66.300;156.84
66.400;158.89
66.500;145.58
66.600;157.95
66.700;139.03
66.800;137.70
66.900;132.01
67.000;152.11
67.100;188.61
67.200;161.25
67.300;167.62
67.400;158.12
67.500;161.86
67.600;189.22
67.700;193.00
67.800;199.13
67.900;193.98
68.000;195.94
68.100;194.48
68.200;187.94
68.300;174.12
68.400;185.49
68.500;187.91
68.600;183.09
68.700;197.79
68.800;197.11
68.900;189.50
69.000;189.00
69.100;186.89
69.200;180.26
69.300;170.41
69.400;165.32
69.500;157.80
69.600;159.32
69.700;147.32
69.800;150.40
69.900;144.00
70.000;136.66
70.100;135.76
70.200;127.62
70.300;133.00
70.400;149.08
70.500;166.20
70.600;163.87
70.700;162.40
70.800;166.59
70.900;168.65
71.000;162.31
71.100;174.15
71.200;168.82
71.300;163.65
71.400;164.97
71.500;159.51
71.600;166.27
71.700;170.78
71.800;165.34
71.900;165.09
72.000;161.20
72.100;177.27
72.200;185.67
72.300;196.05
72.400;207.80
72.500;204.39
72.600;177.15
72.700;190.86
72.800;191.31
72.900;203.66
73.000;205.20
73.100;211.05
73.200;210.21
73.300;198.44
73.400;199.85
73.500;206.69
73.600;206.04
73.700;205.49
73.800;209.74
73.900;207.05
74.000;207.48
74.100;208.12
74.200;205.51
74.300;196.51
74.400;184.93
74.500;178.03
74.600;177.38
74.700;172.18
74.800;168.74
74.900;175.24
75.000;179.11
75.100;176.21
75.200;177.90
75.300;175.38
75.400;165.04
75.500;168.02
75.600;170.27
75.700;177.71
75.800;184.97
75.900;178.24
76.000;182.09
76.100;177.95
76.200;179.19
76.300;175.18
76.400;176.34
76.500;187.76
76.600;184.45
76.700;182.37
76.800;174.86
76.900;175.68
77.000;176.85
77.100;175.82
77.200;167.84
77.300;189.43
77.400;178.23
77.500;177.55
77.600;180.50
77.700;186.84
77.800;192.72
77.900;186.66
78.000;184.36
78.100;162.14
78.200;130.44
78.300;139.18
78.400;177.59
78.500;192.87
78.600;187.09
78.700;190.94
78.800;197.69
78.900;193.75
79.000;193.01
79.100;194.56
79.200;193.04
79.300;193.14
79.400;181.98
79.500;187.66
79.600;194.38
79.700;200.37
79.800;196.44
79.900;187.96
