Time(s);RTF
0.00;0.00
0.10;1.01
0.20;0.99
0.30;1.00
0.40;0.99
0.50;1.02
0.60;0.99
0.70;1.00
0.80;1.01
0.90;0.99
1.00;1.01
1.10;1.00
1.20;1.01
1.30;1.00
1.40;0.99
1.50;0.95
1.60;1.04
1.70;0.96
1.80;1.05
1.90;0.99
2.00;1.02
2.10;1.01
2.20;1.00
2.30;0.99
2.40;1.01
2.50;1.00
2.60;0.98
2.70;1.01
2.80;1.00
2.90;1.03
3.00;0.98
3.10;1.01
3.20;1.01
3.30;1.00
3.40;0.97
3.50;1.02
3.60;1.00
3.70;1.00
3.80;1.00
3.90;1.00
4.00;0.98
4.10;1.02
4.20;0.99
4.30;1.02
4.40;0.99
4.50;1.01
4.60;1.01
4.70;1.00
4.80;0.99
4.90;1.00
5.00;0.98
5.10;1.03
5.20;1.00
5.30;1.00
5.40;0.98
5.50;1.02
5.60;0.99
5.70;1.00
5.80;1.01
5.90;0.99
6.00;0.98
6.10;1.01
6.20;0.99
6.30;1.02
6.40;0.98
6.50;1.01
6.60;1.02
6.70;1.00
6.80;0.98
6.90;1.02
7.00;0.99
7.10;1.01
7.20;0.99
7.30;1.02
7.40;0.96
7.50;1.00
7.60;1.03
7.70;1.01
7.80;0.99
7.90;1.00
8.00;0.99
8.10;1.01
8.20;1.00
8.30;1.00
8.40;1.00
8.50;1.00
8.60;1.00
8.70;1.01
8.80;1.00
8.90;0.98
9.00;0.99
9.10;1.02
9.20;1.00
9.30;1.02
9.40;0.98
9.50;1.02
9.60;1.00
9.70;1.00
9.80;0.99
9.90;1.00
10.00;1.00
10.10;1.01
10.20;0.98
10.30;0.99
10.40;1.01
10.50;1.02
10.60;0.98
10.70;1.00
10.80;1.01
10.90;0.98
11.00;1.00
11.10;0.99
11.20;1.02
11.30;1.02
11.40;0.98
11.50;0.96
11.60;1.05
11.70;0.99
11.80;1.01
11.90;0.99
12.00;1.00
12.10;0.99
12.20;1.01
12.30;1.00
12.40;1.00
12.50;1.00
12.60;1.00
12.70;1.00
12.80;1.02
12.90;0.98
13.00;1.01
13.10;0.99
13.20;1.00
13.30;1.00
13.40;1.00
13.50;0.99
13.60;1.02
13.70;1.00
13.80;1.00
13.90;1.01
14.00;0.99
14.10;1.01
14.20;0.99
14.30;1.01
14.40;0.98
14.50;1.00
14.60;1.00
14.70;1.02
14.80;1.01
14.90;0.99
15.00;1.00
15.10;1.01
15.20;0.97
15.30;1.00
15.40;1.00
15.50;1.01
15.60;1.00
15.70;1.01
15.80;1.01
15.90;1.01
16.00;0.98
16.10;1.01
16.20;0.99
16.30;0.99
16.40;1.00
16.50;1.01
16.60;0.99
16.70;1.01
16.80;1.00
16.90;1.00
17.00;1.00
17.10;1.01
17.20;1.00
17.30;1.00
17.40;0.99
17.50;1.01
17.60;1.00
17.70;0.99
17.80;1.01
17.90;1.00
18.00;1.01
18.10;0.99
18.20;1.01
18.30;0.99
18.40;1.00
18.50;1.00
18.60;1.01
18.70;0.99
18.80;1.01
18.90;0.99
19.00;0.99
19.10;1.00
19.20;1.01
19.30;1.01
19.40;0.98
19.50;0.99
19.60;1.02
19.70;1.00
19.80;0.99
19.90;1.00
20.00;0.99
20.10;1.01
20.20;1.01
20.30;1.02
20.40;0.98
20.50;1.01
20.60;1.00
20.70;1.00
20.80;1.00
20.90;1.00
21.00;1.00
21.10;1.01
21.20;0.98
21.30;1.01
21.40;0.97
21.50;1.03
21.60;1.00
21.70;1.00
21.80;1.00
21.90;0.99
22.00;1.01
22.10;0.99
22.20;1.02
22.30;0.99
22.40;1.00
22.50;0.99
22.60;1.02
22.70;1.00
22.80;1.00
22.90;0.99
23.00;0.99
23.10;1.01
23.20;1.01
23.30;0.98
23.40;1.03
23.50;0.98
23.60;1.02
23.70;1.00
23.80;1.01
23.90;0.99
24.00;0.99
24.10;1.01
24.20;1.00
24.30;0.98
24.40;1.01
24.50;1.00
24.60;1.00
24.70;1.00
24.80;1.01
24.90;1.00
25.00;0.99
25.10;1.02
25.20;1.00
25.30;1.00
25.40;0.99
25.50;0.99
25.60;1.02
25.70;0.99
25.80;0.99
25.90;1.02
26.00;1.00
26.10;0.99
26.20;0.99
26.30;1.01
26.40;0.99
26.50;1.00
26.60;1.00
26.70;1.01
26.80;0.98
26.90;1.00
27.00;0.98
27.10;1.01
27.20;1.01
27.30;1.02
27.40;1.00
27.50;1.01
27.60;1.01
27.70;0.98
27.80;1.02
27.90;0.98
28.00;0.99
28.10;1.02
28.20;1.00
28.30;1.00
28.40;1.00
28.50;1.00
28.60;0.99
28.70;1.02
28.80;1.00
28.90;1.00
29.00;1.00
29.10;1.01
29.20;0.98
29.30;1.02
29.40;0.96
29.50;1.02
29.60;1.02
29.70;1.01
29.80;1.01
29.90;0.99
30.00;1.00
30.10;1.02
30.20;0.98
30.30;0.98
30.40;1.02
30.50;0.99
30.60;1.00
30.70;1.00
30.80;1.01
30.90;0.99
31.00;0.99
31.10;1.01
31.20;1.01
31.30;1.01
31.40;0.98
31.50;0.99
31.60;1.00
31.70;1.01
31.80;1.01
31.90;0.99
32.00;1.01
32.10;0.99
32.20;1.00
32.30;1.00
32.40;0.99
32.50;1.01
32.60;1.00
32.70;0.99
32.80;1.00
32.90;1.00
33.00;0.99
33.10;1.02
33.20;0.99
33.30;1.00
33.40;0.99
33.50;1.00
33.60;1.01
33.70;0.98
33.80;1.01
33.90;0.98
34.00;1.00
34.10;1.01
34.20;0.99
34.30;1.01
34.40;0.99
34.50;0.99
34.60;1.01
34.70;1.00
34.80;1.02
34.90;1.00
35.00;0.98
35.10;0.99
35.20;1.00
35.30;1.01
35.40;0.97
35.50;0.97
35.60;1.05
35.70;1.02
35.80;1.01
35.90;0.99
36.00;0.97
36.10;1.00
36.20;0.98
36.30;1.01
36.40;1.02
36.50;0.98
36.60;1.03
36.70;1.00
36.80;1.02
36.90;0.99
37.00;0.98
37.10;1.01
37.20;0.98
37.30;1.01
37.40;1.01
37.50;1.03
37.60;0.98
37.70;0.99
37.80;1.02
37.90;0.99
38.00;0.99
38.10;1.01
38.20;0.99
38.30;1.02
38.40;1.00
38.50;1.00
38.60;1.00
38.70;0.99
38.80;1.01
38.90;0.99
39.00;0.98
39.10;1.03
39.20;0.99
39.30;1.00
39.40;1.00
39.50;1.00
39.60;0.99
39.70;1.01
39.80;0.99
39.90;1.00
40.00;1.00
40.10;1.01
40.20;0.99
40.30;1.01
40.40;0.99
40.50;1.02
40.60;0.99
40.70;0.98
40.80;0.99
40.90;1.03
41.00;0.99
41.10;1.01
41.20;1.00
41.30;1.00
41.40;0.99
41.50;1.02
41.60;0.98
41.70;1.03
41.80;1.00
41.90;1.00
42.00;0.99
42.10;1.01
42.20;1.01
42.30;0.99
42.40;1.00
42.50;1.00
42.60;1.00
42.70;1.00
42.80;1.00
42.90;1.00
43.00;0.99
43.10;1.00
43.20;1.00
43.30;0.99
43.40;1.01
43.50;1.00
43.60;1.01
43.70;1.00
43.80;1.00
43.90;0.99
44.00;1.01
44.10;0.97
44.20;1.03
44.30;1.00
44.40;1.00
44.50;1.00
44.60;1.00
44.70;1.00
44.80;1.01
44.90;0.99
45.00;0.99
45.10;1.00
45.20;1.00
45.30;0.99
45.40;1.00
45.50;1.00
45.60;0.99
45.70;1.03
45.80;1.00
45.90;1.00
46.00;1.00
46.10;1.01
46.20;0.98
46.30;1.01
46.40;0.99
46.50;1.01
46.60;0.99
46.70;1.00
46.80;1.01
46.90;0.97
47.00;1.00
47.10;1.04
47.20;0.99
47.30;1.00
47.40;0.98
47.50;1.00
47.60;1.01
47.70;1.00
47.80;1.01
47.90;0.98
48.00;0.99
48.10;1.01
48.20;1.00
48.30;1.01
48.40;1.00
48.50;1.00
48.60;0.98
48.70;0.97
48.80;1.03
48.90;1.00
49.00;1.01
49.10;1.00
49.20;1.00
49.30;1.00
49.40;0.99
49.50;1.00
49.60;1.01
49.70;1.00
49.80;0.98
49.90;1.01
50.00;0.98
50.10;1.02
50.20;1.00
50.30;1.02
50.40;0.99
50.50;1.01
50.60;0.99
50.70;1.00
50.80;0.97
50.90;1.02
51.00;0.97
51.10;1.03
51.20;1.01
51.30;1.01
51.40;0.99
51.50;1.02
51.60;0.98
51.70;1.00
51.80;1.00
51.90;0.98
52.00;1.02
52.10;1.01
52.20;0.99
52.30;1.02
52.40;0.95
52.50;1.05
52.60;0.99
52.70;1.00
52.80;1.00
52.90;0.99
53.00;0.97
53.10;1.02
53.20;1.00
53.30;1.03
53.40;1.00
53.50;1.01
53.60;1.00
53.70;0.99
53.80;1.02
53.90;0.98
54.00;0.98
54.10;1.02
54.20;1.01
54.30;0.97
54.40;1.01
54.50;1.00
54.60;1.01
54.70;1.00
54.80;0.98
54.90;1.02
55.00;0.97
55.10;1.03
55.20;1.00
55.30;1.01
55.40;0.98
55.50;1.02
55.60;0.99
55.70;1.01
55.80;1.03
55.90;0.97
56.00;1.00
56.10;1.00
56.20;1.02
56.30;1.01
56.40;0.99
56.50;1.00
56.60;0.99
56.70;1.00
56.80;0.99
56.90;1.00
57.00;1.00
57.10;1.00
57.20;1.03
57.30;0.96
57.40;1.03
57.50;1.00
57.60;1.00
57.70;0.99
57.80;1.03
57.90;0.99
58.00;1.01
58.10;1.00
58.20;1.00
58.30;1.00
58.40;0.97
58.50;1.03
58.60;1.00
58.70;0.99
58.80;1.01
58.90;0.96
59.00;1.01
59.10;1.05
59.20;1.03
59.30;0.92
59.40;1.01
59.50;1.00
59.60;1.00
59.70;1.03
59.80;0.98
59.90;1.02
60.00;1.00
60.10;1.00
60.20;0.96
60.30;1.02
60.40;1.02
60.50;1.00
60.60;0.99
60.70;0.98
60.80;1.02
60.90;0.96
61.00;1.02
61.10;1.03
61.20;0.99
61.30;0.99
61.40;0.98
61.50;0.99
61.60;0.98
61.70;1.01
61.80;1.04
61.90;0.99
62.00;1.00
62.10;1.02
62.20;1.01
62.30;1.00
62.40;0.98
62.50;1.00
62.60;0.99
62.70;1.01
62.80;1.00
62.90;1.00
63.00;1.00
63.10;1.01
63.20;1.00
63.30;1.00
63.40;0.98
63.50;1.02
63.60;0.97
63.70;1.03
63.80;0.98
63.90;1.00
64.00;0.98
64.10;1.01
64.20;0.96
64.30;1.05
64.40;0.98
64.50;1.01
64.60;1.02
64.70;1.01
64.80;0.98
64.90;1.03
65.00;0.91
65.10;1.04
65.20;0.98
65.30;1.06
65.40;1.00
65.50;0.99
65.60;1.04
65.70;1.00
65.80;1.00
65.90;1.00
66.00;1.00
66.10;0.99
66.20;0.98
66.30;1.01
66.40;1.03
66.50;0.97
66.60;1.01
66.70;1.02
66.80;1.01
66.90;0.92
67.00;1.01
67.10;1.10
67.20;1.00
67.30;0.99
67.40;1.00
67.50;1.01
67.60;0.91
67.70;1.13
67.80;0.98
67.90;1.01
68.00;0.98
68.10;0.88
68.20;1.16
68.30;0.97
68.40;1.05
68.50;0.93
68.60;1.07
68.70;0.99
68.80;1.04
68.90;0.88
69.00;1.02
69.10;0.99
69.20;1.09
69.30;0.98
69.40;0.96
69.50;1.03
69.60;0.99
69.70;1.02
69.80;1.03
69.90;0.93
70.00;0.94
70.10;1.09
70.20;0.94
70.30;0.98
70.40;1.14
70.50;0.97
70.60;1.01
70.70;0.95
70.80;1.06
70.90;0.98
71.00;0.99
71.10;0.98
71.20;1.07
71.30;0.99
71.40;1.01
71.50;0.98
71.60;1.00
71.70;0.96
71.80;1.04
71.90;0.97
72.00;1.09
72.10;1.00
72.20;1.01
72.30;0.96
72.40;1.04
72.50;0.91
72.60;1.01
72.70;0.96
72.80;1.18
72.90;0.97
73.00;1.03
73.10;0.97
73.20;1.04
73.30;0.96
73.40;1.04
73.50;0.99
73.60;1.01
73.70;0.97
73.80;1.03
73.90;0.99
74.00;0.98
74.10;1.00
74.20;1.02
74.30;1.01
74.40;0.97
74.50;1.01
74.60;1.00
74.70;1.00
74.80;1.00
74.90;0.95
75.00;1.06
75.10;0.94
75.20;1.06
75.30;1.00
75.40;0.96
75.50;0.91
75.60;1.09
75.70;1.03
75.80;1.00
75.90;1.00
76.00;1.04
76.10;1.01
76.20;1.01
76.30;1.00
76.40;1.00
76.50;0.99
76.60;1.00
76.70;1.00
76.80;1.01
76.90;0.97
77.00;1.02
77.10;0.98
77.20;1.01
77.30;1.00
77.40;1.01
77.50;0.98
77.60;1.01
77.70;0.99
77.80;1.02
77.90;1.00
78.00;0.98
78.10;1.02
78.20;0.98
78.30;1.02
78.40;1.00
78.50;0.99
78.60;1.01
78.70;1.00
78.80;0.98
78.90;1.02
79.00;0.96
79.10;1.03
79.20;0.98
79.30;1.02
79.40;1.00
79.50;0.99
79.60;1.00
79.70;1.01
79.80;0.99
79.90;1.01
80.00;0.94
80.10;1.05
80.20;0.97
80.30;1.01
80.40;0.99
80.50;1.02
80.60;1.01
80.70;1.01
80.80;0.99
80.90;1.02
81.00;0.90
81.10;1.03
81.20;1.02
81.30;1.04
81.40;0.98
81.50;1.02
81.60;1.00
81.70;0.99
81.80;1.02
81.90;0.99
82.00;0.97
82.10;1.05
82.20;1.00
82.30;1.00
82.40;1.02
82.50;0.96
82.60;1.04
82.70;0.98
82.80;0.90
82.90;1.16
83.00;0.96
83.10;0.94
83.20;1.04
83.30;1.03
83.40;0.99
83.50;1.02
83.60;1.01
83.70;1.01
83.80;1.00
83.90;1.01
84.00;0.98
84.10;1.01
84.20;0.99
84.30;0.99
84.40;0.99
84.50;1.00
84.60;1.00
84.70;1.01
84.80;0.99
84.90;1.04
85.00;0.97
85.10;1.02
85.20;0.99
85.30;0.98
85.40;1.03
85.50;0.99
85.60;1.01
85.70;1.00
85.80;0.99
85.90;1.02
86.00;0.97
86.10;0.99
86.20;1.03
86.30;1.00
86.40;0.99
86.50;1.00
86.60;1.01
86.70;1.00
86.80;0.97
86.90;0.97
87.00;1.00
87.10;0.99
87.20;1.03
87.30;1.02
87.40;1.01
87.50;0.99
87.60;1.01
87.70;1.00
87.80;0.99
87.90;0.89
88.00;1.05
88.10;1.03
88.20;0.96
88.30;1.00
88.40;1.06
88.50;1.00
88.60;0.98
88.70;1.03
88.80;0.94
88.90;1.09
89.00;0.94
89.10;1.05
89.20;1.00
89.30;1.01
89.40;0.93
89.50;1.01
89.60;1.00
89.70;0.99
89.80;0.97
89.90;1.07
90.00;0.94
90.10;1.05
90.20;1.00
90.30;1.02
90.40;0.99
90.50;0.96
90.60;1.03
90.70;0.97
90.80;1.04
90.90;0.97
91.00;0.98
91.10;1.01
91.20;1.00
91.30;1.05
91.40;0.82
91.50;0.93
91.60;1.40
91.70;0.94
91.80;1.07
91.90;0.98
92.00;0.99
92.10;1.03
92.20;0.98
92.30;1.03
92.40;0.98
92.50;0.99
92.60;1.01
92.70;0.99
92.80;0.99
92.90;1.01
93.00;0.97
93.10;1.04
93.20;0.99
93.30;0.99
93.40;1.01
93.50;1.00
93.60;1.01
93.70;0.99
93.80;1.03
93.90;0.98
94.00;1.00
94.10;1.01
94.20;0.98
94.30;0.99
94.40;1.02
94.50;0.96
94.60;1.00
94.70;1.01
94.80;1.01
94.90;0.98
95.00;1.01
95.10;1.01
95.20;0.93
95.30;1.06
95.40;0.96
95.50;1.09
95.60;0.92
95.70;1.07
95.80;0.94
95.90;1.05
96.00;0.98
96.10;1.09
96.20;0.93
96.30;0.97
96.40;1.01
96.50;1.04
96.60;0.95
96.70;1.08
96.80;0.96
96.90;1.03
97.00;0.98
97.10;1.04
97.20;0.98
97.30;0.95
97.40;1.02
97.50;1.09
97.60;0.96
97.70;1.06
97.80;0.99
97.90;1.00
98.00;1.00
98.10;0.99
98.20;1.02
98.30;0.98
98.40;1.01
98.50;0.99
98.60;1.00
98.70;0.98
98.80;1.00
98.90;0.88
99.00;1.07
99.10;1.02
99.20;1.02
99.30;0.96
99.40;0.99
99.50;1.01
99.60;0.97
99.70;1.02
99.80;1.00
99.90;1.05
100.00;0.91
100.10;1.09
100.20;1.00
100.30;1.01
100.40;1.03
100.50;1.04
100.60;0.97
100.70;0.99
100.80;1.00
100.90;1.03
101.00;0.99
101.10;0.93
101.20;1.04
101.30;0.98
101.40;1.05
101.50;1.01
101.60;1.02
101.70;0.73
101.80;1.59
101.90;0.99
102.00;1.00
102.10;1.02
102.20;0.99
102.30;1.01
102.40;1.00
102.50;0.99
102.60;1.01
102.70;0.96
102.80;1.01
102.90;1.00
103.00;1.00
103.10;1.02
103.20;0.98
103.30;1.03
103.40;0.96
103.50;1.00
103.60;1.01
103.70;0.99
103.80;0.98
103.90;1.03
104.00;1.03
104.10;0.99
104.20;1.01
104.30;1.00
104.40;1.00
104.50;1.00
104.60;1.00
104.70;1.01
104.80;1.00
104.90;0.99
105.00;1.00
105.10;1.01
105.20;0.99
105.30;1.00
105.40;0.98
105.50;0.94
105.60;1.05
105.70;1.04
105.80;1.00
105.90;0.99
106.00;0.99
106.10;1.01
106.20;1.00
106.30;1.00
106.40;0.95
106.50;0.92
106.60;1.12
106.70;1.04
106.80;0.95
106.90;1.01
107.00;0.97
107.10;1.04
107.20;0.99
107.30;0.99
107.40;0.96
107.50;0.99
107.60;1.02
107.70;1.04
107.80;1.01
107.90;0.99
108.00;0.99
108.10;1.02
108.20;0.99
108.30;1.00
108.40;0.98
108.50;1.02
108.60;0.99
108.70;1.00
108.80;1.00
108.90;1.00
109.00;0.98
109.10;1.02
109.20;1.00
109.30;1.01
109.40;0.94
109.50;1.00
109.60;1.05
109.70;0.98
109.80;1.00
109.90;0.99
110.00;1.00
110.10;1.00
110.20;0.99
110.30;1.03
110.40;0.99
110.50;1.01
110.60;0.99
110.70;1.01
110.80;1.00
110.90;1.00
111.00;0.99
111.10;1.01
111.20;1.01
111.30;1.00
111.40;0.99
111.50;1.00
111.60;1.00
111.70;1.01
111.80;0.99
111.90;1.02
112.00;0.99
112.10;1.02
112.20;1.00
112.30;1.01
112.40;0.99
112.50;1.01
112.60;0.98
112.70;0.99
112.80;1.01
112.90;1.01
113.00;0.99
113.10;1.00
113.20;1.00
113.30;1.01
113.40;0.99
113.50;1.01
113.60;1.00
113.70;0.99
113.80;1.01
113.90;0.99
114.00;1.02
114.10;1.00
114.20;0.99
114.30;1.02
114.40;0.94
114.50;1.03
114.60;0.98
114.70;1.03
114.80;1.01
114.90;0.96
115.00;1.04
115.10;1.01
115.20;0.99
115.30;1.00
115.40;1.00
115.50;1.01
115.60;0.99
115.70;1.00
115.80;1.02
115.90;0.99
116.00;1.01
116.10;1.00
116.20;1.00
116.30;1.00
116.40;1.01
116.50;1.00
116.60;0.99
116.70;1.00
116.80;0.98
116.90;1.01
117.00;1.00
117.10;1.01
117.20;0.98
117.30;1.00
117.40;1.02
117.50;0.99
117.60;0.99
117.70;1.01
117.80;1.00
117.90;1.00
118.00;0.99
118.10;1.01
118.20;1.00
118.30;1.03
118.40;0.97
118.50;0.99
118.60;1.02
118.70;1.00
118.80;0.99
118.90;1.00
119.00;0.99
119.10;1.02
119.20;0.98
119.30;1.00
119.40;1.00
119.50;0.98
119.60;1.04
119.70;0.99
119.80;1.00
119.90;1.00
