unity_time;FPS
0.000;155.20
0.100;141.72
0.200;139.09
0.300;146.30
0.400;138.55
0.500;146.88
0.600;142.17
0.700;146.61
0.800;141.15
0.900;146.26
1.000;152.96
1.100;149.45
1.200;145.98
1.300;149.65
1.400;150.39
1.500;155.42
1.600;149.22
1.700;152.68
1.800;146.80
1.900;155.80
2.000;149.73
2.100;153.65
2.200;157.76
2.300;155.26
2.400;153.65
2.500;148.55
2.600;153.54
2.700;149.83
2.800;145.56
2.900;146.55
3.000;140.98
3.100;135.79
3.200;131.41
3.300;134.65
3.400;143.36
3.500;145.59
3.600;138.31
3.700;135.14
3.800;137.35
3.900;147.08
4.000;147.75
4.100;137.78
4.200;139.90
4.300;139.22
4.400;136.88
4.500;144.89
4.600;138.62
4.700;146.11
4.800;146.57
4.900;137.59
5.000;147.59
5.100;144.79
5.200;144.72
5.300;140.79
5.400;144.30
5.500;138.49
5.600;131.60
5.700;133.66
5.800;132.58
5.900;136.43
6.000;135.88
6.100;132.55
6.200;122.36
6.300;122.47
6.400;125.69
6.500;131.59
6.600;119.68
6.700;111.51
6.800;119.80
6.900;124.05
7.000;114.76
7.100;110.44
7.200;114.46
7.300;112.23
7.400;108.29
7.500;112.94
7.600;108.45
7.700;107.18
7.800;95.55
7.900;99.72
8.000;118.59
8.100;115.42
8.200;114.98
8.300;103.12
8.400;113.97
8.500;125.23
8.600;112.41
8.700;115.25
8.800;115.04
8.900;113.70
9.000;113.89
9.100;112.08
9.200;111.62
9.300;115.67
9.400;116.56
9.500;107.96
9.600;99.47
9.700;112.75
9.800;109.45
9.900;108.82
10.000;109.09
10.100;110.65
10.200;108.61
10.300;104.66
10.400;106.37
10.500;104.23
10.600;108.01
10.700;113.27
10.800;122.87
10.900;116.14
11.000;118.82
11.100;123.24
11.200;128.47
11.300;127.74
11.400;128.81
11.500;134.71
11.600;137.18
11.700;129.52
11.800;129.17
11.900;129.15
12.000;128.86
12.100;124.65
12.200;128.56
12.300;119.15
12.400;124.28
12.500;107.21
12.600;115.85
12.700;124.06
12.800;117.11
12.900;116.82
13.000;112.93
13.100;123.86
13.200;123.25
13.300;126.52
13.400;121.44
13.500;116.35
13.600;118.56
13.700;124.14
13.800;119.22
13.900;115.19
14.000;113.07
14.100;124.50
14.200;124.99
14.300;130.05
14.400;119.52
14.500;112.04
14.600;108.18
14.700;114.72
14.800;105.46
14.900;110.74
15.000;108.72
15.100;117.92
15.200;124.61
15.300;128.33
15.400;126.62
15.500;126.54
15.600;127.65
15.700;120.76
15.800;119.68
15.900;129.14
16.000;135.23
16.100;130.98
16.200;141.64
16.300;142.79
16.400;138.81
16.500;142.48
16.600;139.18
16.700;139.13
16.800;133.35
16.900;136.14
17.000;143.62
17.100;130.56
17.200;119.96
17.300;117.73
17.400;126.55
17.500;137.98
17.600;133.08
17.700;140.12
17.800;140.39
17.900;137.47
18.000;129.54
18.100;130.49
18.200;125.67
18.300;126.98
18.400;125.33
18.500;125.84
18.600;126.71
18.700;127.42
18.800;127.99
18.900;122.15
19.000;122.31
19.100;116.62
19.200;127.26
19.300;113.74
19.400;118.72
19.500;119.35
19.600;123.91
19.700;125.79
19.800;132.75
19.900;131.89
20.000;135.88
20.100;126.85
20.200;128.58
20.300;127.59
20.400;124.17
20.500;115.38
20.600;116.70
20.700;117.59
20.800;116.90
20.900;118.58
21.000;125.52
21.100;132.57
21.200;133.20
21.300;124.21
21.400;130.16
21.500;129.70
21.600;118.72
21.700;131.76
21.800;132.39
21.900;133.19
22.000;114.33
22.100;116.01
22.200;125.67
22.300;129.07
22.400;125.09
22.500;133.92
22.600;133.35
22.700;130.70
22.800;123.32
22.900;127.91
23.000;132.46
23.100;132.46
23.200;132.46
23.300;119.36
23.400;101.10
23.500;101.10
23.600;91.52
23.700;78.89
23.800;119.41
23.900;121.04
24.000;116.63
24.100;115.11
24.200;126.79
24.300;129.91
24.400;119.86
24.500;116.39
24.600;120.35
24.700;130.43
24.800;130.77
24.900;123.83
25.000;127.39
25.100;126.46
25.200;131.33
25.300;126.53
25.400;122.03
25.500;130.65
25.600;132.71
25.700;127.28
25.800;124.30
25.900;128.24
26.000;118.67
26.100;124.50
26.200;128.19
26.300;130.75
26.400;132.86
26.500;135.90
26.600;127.77
26.700;118.94
26.800;107.70
26.900;113.56
27.000;120.52
27.100;128.35
27.200;131.25
27.300;124.23
27.400;117.52
27.500;117.82
27.600;120.94
27.700;118.84
27.800;119.99
27.900;126.38
28.000;121.87
28.100;116.41
28.200;106.24
28.300;106.72
28.400;110.52
28.500;116.42
28.600;121.90
28.700;121.11
28.800;126.60
28.900;129.99
29.000;129.78
29.100;133.89
29.200;136.90
29.300;139.65
29.400;132.93
29.500;128.48
29.600;129.72
29.700;134.91
29.800;133.61
29.900;136.17
30.000;135.95
30.100;135.16
30.200;136.68
30.300;138.18
30.400;118.80
30.500;129.24
30.600;131.06
30.700;110.46
30.800;125.46
30.900;135.13
31.000;121.16
31.100;123.29
31.200;136.09
31.300;132.26
31.400;128.77
31.500;130.95
31.600;131.09
31.700;133.34
31.800;135.24
31.900;136.57
32.000;137.47
32.100;136.28
32.200;136.48
32.300;134.07
32.400;118.08
32.500;115.06
32.600;118.69
32.700;121.24
32.800;120.87
32.900;118.22
33.000;131.23
33.100;129.88
33.200;130.41
33.300;130.40
33.400;126.11
33.500;133.55
33.600;132.46
33.700;132.96
33.800;135.33
33.900;132.45
34.000;130.39
34.100;133.58
34.200;132.63
34.300;134.83
34.400;131.59
34.500;133.13
34.600;130.61
34.700;130.39
34.800;119.58
34.900;120.08
35.000;118.58
35.100;117.75
35.200;117.08
35.300;116.47
35.400;112.98
35.500;120.19
35.600;120.84
35.700;128.01
35.800;126.77
35.900;119.60
36.000;118.87
36.100;114.96
36.200;128.10
36.300;129.27
36.400;111.06
36.500;100.76
36.600;89.89
36.700;85.80
36.800;86.16
36.900;94.29
37.000;99.16
37.100;95.72
37.200;103.41
37.300;96.35
37.400;93.91
37.500;86.94
37.600;95.88
37.700;107.66
37.800;102.01
37.900;100.96
38.000;115.75
38.100;116.89
38.200;117.95
38.300;128.00
38.400;119.77
38.500;129.09
38.600;131.57
38.700;134.74
38.800;130.90
38.900;131.41
39.000;129.62
39.100;132.33
39.200;118.85
39.300;120.90
39.400;120.62
39.500;122.04
39.600;107.16
39.700;92.49
39.800;88.38
39.900;87.43
40.000;90.65
40.100;99.64
40.200;105.15
40.300;98.57
40.400;97.37
40.500;96.68
40.600;100.65
40.700;113.66
40.800;129.34
40.900;131.81
41.000;133.92
41.100;123.10
41.200;128.85
41.300;116.37
41.400;115.24
41.500;128.51
41.600;131.87
41.700;130.44
41.800;132.20
41.900;133.58
42.000;123.84
42.100;124.94
42.200;126.88
42.300;121.71
42.400;126.25
42.500;127.67
42.600;135.81
42.700;122.65
42.800;119.52
42.900;118.35
43.000;125.54
43.100;131.66
43.200;134.58
43.300;134.85
43.400;128.73
43.500;132.69
43.600;131.67
43.700;135.39
43.800;137.63
43.900;133.16
44.000;128.38
44.100;128.55
44.200;131.55
44.300;128.60
44.400;114.07
44.500;114.59
44.600;116.40
44.700;107.25
44.800;104.53
44.900;102.69
45.000;111.68
45.100;128.43
45.200;121.69
45.300;129.74
45.400;111.44
45.500;125.25
45.600;92.44
45.700;115.18
45.800;127.72
45.900;139.84
46.000;146.03
46.100;151.16
46.200;132.02
46.300;122.72
46.400;135.19
46.500;135.89
46.600;135.41
46.700;132.89
46.800;135.70
46.900;137.11
47.000;143.48
47.100;144.31
47.200;142.25
47.300;141.54
47.400;152.01
47.500;152.01
47.600;152.01
47.700;152.01
47.800;136.98
47.900;124.06
48.000;95.58
48.100;109.11
48.200;124.90
48.300;136.60
48.400;135.21
48.500;124.54
48.600;122.36
48.700;117.49
48.800;117.90
48.900;115.04
49.000;127.48
49.100;143.28
49.200;137.46
49.300;134.60
49.400;138.45
49.500;133.32
49.600;129.53
49.700;127.26
49.800;130.73
49.900;142.77
50.000;140.51
50.100;139.70
50.200;138.28
50.300;142.27
50.400;145.53
50.500;142.97
50.600;135.13
50.700;138.97
50.800;145.06
50.900;145.08
51.000;144.78
51.100;155.92
51.200;167.78
51.300;168.23
51.400;167.32
51.500;154.52
51.600;149.11
51.700;152.35
51.800;151.72
51.900;145.63
52.000;150.36
52.100;145.90
52.200;147.32
52.300;145.45
52.400;145.32
52.500;142.96
52.600;131.45
52.700;134.16
52.800;134.36
52.900;139.88
53.000;125.55
53.100;112.17
53.200;102.93
53.300;135.24
53.400;141.70
53.500;145.46
53.600;140.53
53.700;154.70
53.800;166.37
53.900;169.18
54.000;167.71
54.100;167.47
54.200;162.37
54.300;158.54
54.400;162.39
54.500;152.19
54.600;157.16
54.700;164.03
54.800;169.26
54.900;166.93
55.000;158.81
55.100;162.34
55.200;165.56
55.300;155.85
55.400;160.47
55.500;165.98
55.600;163.50
55.700;151.70
55.800;138.27
55.900;135.98
56.000;112.90
56.100;123.70
56.200;140.38
56.300;154.54
56.400;156.06
56.500;151.63
56.600;154.66
56.700;158.10
56.800;157.27
56.900;134.12
57.000;124.75
57.100;148.31
57.200;137.70
57.300;158.12
57.400;162.14
57.500;165.67
57.600;159.76
57.700;156.87
57.800;141.44
57.900;152.81
58.000;146.94
58.100;152.58
58.200;155.67
58.300;154.00
58.400;149.40
58.500;155.56
58.600;149.13
58.700;149.57
58.800;165.20
58.900;162.11
59.000;173.96
59.100;154.36
59.200;163.43
59.300;165.46
59.400;160.50
59.500;155.89
59.600;159.90
59.700;166.22
59.800;156.36
59.900;170.18
60.000;131.82
