Time(s);RTF
0.00;0.00
0.10;1.01
0.20;1.01
0.30;0.99
0.40;1.00
0.50;1.00
0.60;0.99
0.70;1.00
0.80;0.99
0.90;1.02
1.00;0.99
1.10;1.00
1.20;1.02
1.30;0.98
1.40;1.02
1.50;1.00
1.60;0.98
1.70;1.02
1.80;0.96
1.90;1.03
2.00;1.01
2.10;1.00
2.20;0.99
2.30;1.02
2.40;0.99
2.50;1.00
2.60;1.01
2.70;0.97
2.80;0.97
2.90;1.02
3.00;1.03
3.10;0.98
3.20;0.98
3.30;0.98
3.40;1.05
3.50;0.99
3.60;1.02
3.70;0.98
3.80;0.99
3.90;1.02
4.00;1.01
4.10;0.98
4.20;1.03
4.30;0.96
4.40;1.02
4.50;1.02
4.60;1.00
4.70;0.99
4.80;1.00
4.90;0.98
5.00;0.99
5.10;1.03
5.20;0.99
5.30;1.01
5.40;1.00
5.50;1.01
5.60;1.00
5.70;1.00
5.80;0.97
5.90;1.04
6.00;0.98
6.10;1.02
6.20;0.98
6.30;0.97
6.40;1.02
6.50;1.00
6.60;1.07
6.70;0.97
6.80;0.93
6.90;1.03
7.00;1.03
7.10;1.00
7.20;0.99
7.30;0.99
7.40;0.98
7.50;0.98
7.60;1.00
7.70;1.05
7.80;0.96
7.90;1.01
8.00;1.02
8.10;1.01
8.20;1.00
8.30;1.00
8.40;1.01
8.50;1.03
8.60;0.99
8.70;1.00
8.80;0.98
8.90;1.00
9.00;1.00
9.10;1.00
9.20;1.01
9.30;0.99
9.40;1.01
9.50;0.98
9.60;1.02
9.70;1.01
9.80;0.99
9.90;1.01
10.00;0.98
10.10;0.97
10.20;0.99
10.30;1.02
10.40;1.00
10.50;1.02
10.60;1.00
10.70;0.99
10.80;1.00
10.90;1.02
11.00;0.99
11.10;1.00
11.20;0.99
11.30;1.01
11.40;1.01
11.50;0.97
11.60;1.02
11.70;1.01
11.80;0.96
11.90;1.02
12.00;1.00
12.10;1.01
12.20;0.99
12.30;1.00
12.40;1.00
12.50;1.02
12.60;1.00
12.70;1.00
12.80;0.99
12.90;1.03
13.00;0.99
13.10;1.00
13.20;0.98
13.30;1.02
13.40;1.00
13.50;1.00
13.60;1.01
13.70;0.97
13.80;0.99
13.90;1.04
14.00;0.98
14.10;1.02
14.20;0.99
14.30;1.01
14.40;1.00
14.50;0.98
14.60;0.99
14.70;1.00
14.80;0.96
14.90;1.01
15.00;1.00
15.10;1.02
15.20;1.00
15.30;1.02
15.40;1.00
15.50;1.00
15.60;0.95
15.70;1.01
15.80;1.00
15.90;1.03
16.00;0.99
16.10;1.01
16.20;0.98
16.30;1.03
16.40;1.01
16.50;0.99
16.60;1.00
16.70;1.01
16.80;0.98
16.90;1.03
17.00;0.98
17.10;1.01
17.20;1.00
17.30;0.98
17.40;1.03
17.50;0.99
17.60;0.99
17.70;1.00
17.80;0.98
17.90;1.01
18.00;1.02
18.10;1.01
18.20;0.98
18.30;1.01
18.40;1.02
18.50;0.99
18.60;0.98
18.70;1.02
18.80;0.98
18.90;1.03
19.00;0.98
19.10;1.00
19.20;0.97
19.30;1.02
19.40;0.98
19.50;1.01
19.60;0.97
19.70;1.01
19.80;1.03
19.90;1.00
20.00;1.00
20.10;0.99
20.20;0.99
20.30;1.02
20.40;1.02
20.50;0.96
20.60;1.03
20.70;1.02
20.80;0.98
20.90;1.01
21.00;0.99
21.10;1.00
21.20;0.99
21.30;1.00
21.40;1.02
21.50;0.99
21.60;0.99
21.70;0.98
21.80;0.99
21.90;1.02
22.00;1.01
22.10;1.01
22.20;0.99
22.30;1.01
22.40;0.99
22.50;1.01
22.60;1.00
22.70;0.97
22.80;1.02
22.90;1.03
23.00;0.99
23.10;1.07
23.20;1.00
23.30;1.00
23.40;1.00
23.50;1.00
23.60;1.00
23.70;0.91
23.80;1.04
23.90;1.03
24.00;0.96
24.10;1.03
24.20;0.98
24.30;0.96
24.40;1.01
24.50;1.00
24.60;1.03
24.70;0.99
24.80;1.00
24.90;1.01
25.00;0.99
25.10;0.99
25.20;0.98
25.30;1.03
25.40;0.99
25.50;1.01
25.60;1.00
25.70;0.99
25.80;0.99
25.90;1.01
26.00;1.01
26.10;1.00
26.20;1.01
26.30;0.98
26.40;1.00
26.50;1.01
26.60;0.98
26.70;1.01
26.80;0.98
26.90;1.05
27.00;0.98
27.10;1.01
27.20;1.00
27.30;1.00
27.40;1.00
27.50;1.00
27.60;0.99
27.70;1.02
27.80;0.95
27.90;1.05
28.00;1.00
28.10;0.95
28.20;1.01
28.30;1.01
28.40;1.00
28.50;0.98
28.60;1.00
28.70;1.04
28.80;0.99
28.90;1.03
29.00;0.99
29.10;1.00
29.20;0.99
29.30;1.02
29.40;0.98
29.50;1.01
29.60;1.00
29.70;1.00
29.80;0.98
29.90;1.02
30.00;1.00
30.10;1.01
30.20;1.00
30.30;1.01
30.40;0.99
30.50;0.99
30.60;1.00
30.70;0.98
30.80;1.02
30.90;0.99
31.00;1.02
31.10;1.03
31.20;0.96
31.30;1.01
31.40;1.01
31.50;0.99
31.60;0.99
31.70;1.01
31.80;1.00
31.90;1.02
32.00;0.99
32.10;1.01
32.20;1.00
32.30;1.00
32.40;0.99
32.50;0.99
32.60;1.02
32.70;0.97
32.80;1.00
32.90;1.00
33.00;1.02
33.10;0.97
33.20;1.01
33.30;1.02
33.40;1.01
33.50;0.99
33.60;0.99
33.70;0.99
33.80;1.02
33.90;1.01
34.00;0.99
34.10;1.00
34.20;0.99
34.30;1.01
34.40;1.01
34.50;1.00
34.60;1.00
34.70;0.99
34.80;0.98
34.90;1.02
35.00;1.01
35.10;1.01
35.20;1.01
35.30;0.99
35.40;1.00
35.50;0.99
35.60;0.99
35.70;1.02
35.80;0.99
35.90;0.99
36.00;1.01
36.10;1.01
36.20;1.01
36.30;0.99
36.40;1.01
36.50;0.99
36.60;1.01
36.70;0.99
36.80;0.93
36.90;0.99
37.00;0.98
37.10;1.00
37.20;1.10
37.30;0.97
37.40;1.01
37.50;1.00
37.60;0.98
37.70;1.03
37.80;0.97
37.90;1.03
38.00;1.01
38.10;0.98
38.20;1.03
38.30;1.02
38.40;1.00
38.50;1.01
38.60;0.99
38.70;0.99
38.80;0.96
38.90;1.05
39.00;1.00
39.10;1.01
39.20;0.99
39.30;0.99
39.40;1.01
39.50;0.98
39.60;1.03
39.70;1.00
39.80;1.00
39.90;1.01
40.00;0.95
40.10;1.01
40.20;0.99
40.30;1.00
40.40;1.00
40.50;0.99
40.60;1.00
40.70;1.03
40.80;0.99
40.90;1.00
41.00;1.03
41.10;1.02
41.20;0.98
41.30;1.00
41.40;1.00
41.50;1.01
41.60;1.00
41.70;1.02
41.80;0.97
41.90;0.99
42.00;1.03
42.10;1.00
42.20;0.99
42.30;1.00
42.40;0.98
42.50;1.03
42.60;1.01
42.70;0.99
42.80;0.99
42.90;1.03
43.00;0.99
43.10;1.01
43.20;1.01
43.30;0.98
43.40;1.00
43.50;0.99
43.60;1.02
43.70;0.98
43.80;0.99
43.90;1.02
44.00;1.00
44.10;1.00
44.20;1.00
44.30;0.99
44.40;0.96
44.50;1.06
44.60;0.96
44.70;1.01
44.80;0.99
44.90;1.02
45.00;1.00
45.10;1.01
45.20;1.02
45.30;0.97
45.40;1.00
45.50;1.02
45.60;0.95
45.70;1.03
45.80;0.97
45.90;1.06
46.00;1.05
46.10;0.85
46.20;1.09
46.30;0.98
46.40;1.07
46.50;0.96
46.60;1.10
46.70;0.93
46.80;1.00
46.90;0.93
47.00;1.08
47.10;0.98
47.20;0.84
47.30;1.26
47.40;0.83
47.50;1.13
47.60;1.04
47.70;1.05
47.80;0.93
47.90;1.03
48.00;1.06
48.10;1.08
48.20;0.90
48.30;0.96
48.40;1.06
48.50;1.04
48.60;0.92
48.70;1.04
48.80;0.96
48.90;1.02
49.00;1.03
49.10;1.10
49.20;0.94
49.30;0.96
49.40;1.00
49.50;1.00
49.60;1.00
49.70;0.95
49.80;0.97
49.90;1.07
50.00;1.09
50.10;0.92
50.20;0.99
50.30;1.08
50.40;1.00
50.50;0.95
50.60;1.02
50.70;1.09
50.80;0.97
50.90;1.04
51.00;0.86
51.10;1.05
51.20;1.00
51.30;1.03
51.40;0.98
51.50;1.00
51.60;1.06
51.70;0.95
51.80;1.01
51.90;0.99
52.00;1.00
52.10;0.97
52.20;1.05
52.30;0.98
52.40;1.02
52.50;0.96
52.60;1.12
52.70;0.98
52.80;1.06
52.90;0.90
53.00;1.03
53.10;1.00
53.20;0.98
53.30;1.10
53.40;0.97
53.50;1.04
53.60;0.99
53.70;1.01
53.80;0.98
53.90;0.98
54.00;0.99
54.10;1.04
54.20;1.00
54.30;1.01
54.40;0.99
54.50;1.00
54.60;1.00
54.70;1.00
54.80;0.99
54.90;1.01
55.00;0.93
55.10;1.01
55.20;1.02
55.30;0.97
55.40;1.04
55.50;1.00
55.60;0.97
55.70;1.01
55.80;1.01
55.90;0.98
56.00;1.05
56.10;0.86
56.20;1.17
56.30;0.95
56.40;1.06
56.50;0.91
56.60;1.08
56.70;0.98
56.80;1.00
56.90;1.07
57.00;0.97
57.10;1.05
57.20;0.99
57.30;1.00
57.40;1.02
